105
102
5
2
105
43
31
14
21
8
95
92
192
192
193
193
193
193
193
193
193
193
193
193
193
193
193
193
193
193
60
60
60
16
16
16
44
44
44
44
44
45
45
47
49
80
2
2
1
1
7
33
41
41
46
13
13
13
13
13
13
13
13
33
33
33
33
33
33
33
33
33
33
33
33
216
43
43
43
43
43
43
43
43
7
4
1
102
103
103
102
101
100
99
98
97
97
95
95
94
94
93
94
92
91
90
90
89
89
88
86
0
80
80
79
78
77
76
75
0
73
72
68
0
0
0
59
54
53
53
52
52
52
50
50
50
49
49
49
48
48
48
0
23
11
11
11
11
10
6
1
1
11
8
8
1
3
3
7
0
0
1
1
0
5
69
15
15
15
5
0
6
0
0
0
0
1
1
1
0
12
0
0
0
34
28
22
22
19
19
19
10
11
11
10
10
8
7
7
7
8
7
5
4
6
3
4
4
6
3
5
0
22
21
20
19
3
4
1
2
11
11
11
12
1
11
9
11
10
11
6
8
8
7
4
3
4
2
4
3
11
11
15
14
12
0
12
1
3
8
7
11
6
9
6
0
8
6
3
4
4
5
4
3
128
124
120
120
119
118
84
113
113
112
112
111
111
111
111
111
110
109
75
74
102
0
104
101
101
105
101
102
33
32
31
29
30
28
28
21
40
2
2
18
11
3
2
1
1
2
0
2
2
0
0
11
0
257
6
40
1
19
31
0
0
0
0
6
0
0
1
0
0
0
0
0
0
0
0
0
0
0
1
0
0
0
0
0
8
5
0
1
0
0
15
6
5
2
0
0
0
0
230
9
0
0
22
1
2
0
1
0
0
44
10
0
24
0
2
2
1
0
0
0
0
0
0
0
0
3
0
0
0
0
0
0
3
3
0
0
0
0
0
5
3
91
91
39
39
84
84
86
86
60
60
60
60
60
60
84
84
81
81
83
83
68
68
65
65
65
65
65
65
64
64
64
64
63
63
63
63
63
63
63
63
62
62
61
61
61
61
56
56
56
56
53
53
53
53
52
52
51
51
50
50
50
50
51
51
49
49
48
48
49
49
49
49
47
47
48
48
46
46
45
45
42
42
45
45
45
45
45
45
45
45
43
43
43
43
18
18
25
25
28
28
24
24
22
22
13
13
37
37
9
9
6
6
34
34
34
34
0
0
0
0
0
0
0
0
5
5
14
14
14
14
12
12
8
8
15
15
16
16
5
5
9
9
8
8
7
7
6
6
5
5
4
4
7
7
0
0
6
6
12
12
2
2
3
3
1
1
0
0
1
1
0
0
1
1
1
1
1
1
1
1
0
0
5
5
6
6
7
7
23
23
23
23
23
23
0
0
0
0
0
0
0
0
0
0
0
0
0
0
0
0
0
0
1
1
7
7
7
7
7
7
1
1
1
1
0
0
0
0
0
0
0
0
4
4
4
4
7
7
7
7
7
7
1
1
1
1
1
1
0
0
0
0
0
0
1
1
1
1
1
1
22
22
1
1
0
0
0
0
0
0
3
3
2
2
1
1
0
0
3
3
3
3
1
1
1
1
1
1
5
5
5
5
5
5
3
3
3
3
3
3
111
111
0
0
0
0
0
0
0
0
0
0
0
0
1
1
1
1
1
1
1
1
0
0
0
1
1
1
1
1
1
0
0
0
0
0
0
0
0
97
97
0
0
0
0
0
0
14
14
14
14
14
14
14
14
14
14
13
13
13
13
13
13
13
13
11
11
11
11
11
11
9
9
9
9
9
9
9
9
9
9
6
6
0
0
0
0
1
1
0
0
0
0
0
0
116
116
116
116
9
9
8
8
8
8
8
8
8
8
8
8
0
0
0
0
68
68
64
64
3
3
1
1
18
18
0
0
0
0
10
10
10
10
5
5
3
3
3
3
3
3
3
3
1
1
1
1
0
0
43
43
43
43
43
43
5
5
8
8
0
0
3
3
3
3
0
0
0
0
0
0
2
2
2
2
1
1
1
1
1
1
1
1
10
10
5
5
5
5
1
1
0
0
0
0
35
35
35
35
35
35
32
32
32
32
32
32
32
32
32
32
32
32
32
32
32
32
32
32
32
32
32
32
32
32
32
32
32
32
32
32
32
32
32
32
30
30
0
0
0
0
0
0
0
0
0
0
20
20
18
18
18
18
5
5
0
0
0
0
1
1
190
190
3
3
1
1
9
9
3
3
3
3
3
3
2
2
201
201
201
201
8
8
8
8
0
0
0
0
1
1
1
1
1
1
1
1
0
2
2
2
2
2
2
2
2
1
1
1
1
1
1
1
1
1
1
1
1
1
1
1
0
0
0
1
1
1
1
1
1
1
1
1
1
1
0
0
0
0
3
3
3
3
2
2
2
2
2
2
5
5
22
22
15
15
4
4
5
5
8
8
14
14
2
2
2
2
12
12
0
0
12
12
0
0
1
1
0
0
0
0
6
6
5
5
6
6
1
1
0
0
1
1
2
2
0
0
8
8
17
17
298
298
298
298
2
2
1
1
2
2
1
1
0
0
290
290
290
290
0
0
24
24
24
24
24
24
10
10
10
10
10
10
2
2
1
1
1
1
0
0
0
0
0
1
1
0
0
0
0
0
0
0
0
1
1
1
1
1
1
1
1
1
1
1
1
1
1
1
1
0
0
1
1
0
0
0
0
0
0
0
0
0
0
3
3
3
3
0
0
1
1
1
1
0
0
0
13
13
0
0
0
0
1
1
0
0
15
15
4
4
4
4
4
4
4
4
4
4
4
4
4
4
4
4
1
1
85
52
25
0
11
87
45
84
130
18
34
101
14
81
31
22
13
12
65
12
8
11
60
14
63
4
116
52
30
6
48
8
145
2
44
0
0
45
74
36
118
45
0
131
36
28
89
32
29
26
23
26
3
29
21
18
20
10
9
36
13
19
9
2
41
3
6
1
16
78
60
73
72
24
30
49
50
66
71
33
178
40
79
39
35
57
105
102
5
2
105
43
31
14
21
8
95
92
87
83
1
73
0
44
51
49
32
29
24
97
20
94
15
90
9
6
6
7
51
8
6
2
1
32
23
22
18
14
11
8
11
15
9
14
18
290
8
254
277
263
247
263
224
236
217
168
220
118
186
225
214
94
7
189
12
12
34
34
33
33
32
32
31
31
29
29
28
28
27
27
25
25
23
23
19
19
24
24
23
23
20
20
20
20
19
19
18
18
17
17
246
246
245
245
244
244
9
9
237
237
236
236
234
234
233
233
231
231
230
230
229
229
227
227
226
226
225
225
224
224
224
224
223
223
222
222
221
221
220
220
219
219
2
2
117
117
115
115
114
114
113
113
112
112
111
111
110
110
109
108
108
107
107
102
102
101
101
101
101
100
100
99
99
97
97
1
1
1
1
1
1
1
1
1
1
1
1
1
1
1
1
1
1
1
1
1
1
1
1
1
1
1
1
1
1
1
1
1
1
1
1
1
1
1
1
1
1
1
1
1
1
1
1
1
1
1
1
1
1
1
1
1
1
1
1
1
1
1
1
1
1
1
1
1
1
1
1
1
1
1
1
1
1
1
1
1
1
1
1
1
1
1
1
1
1
1
1
1
1
1
1
1
1
1
1
1
1
1
1
1
1
1
1
43
43
43
43
43
43
43
43
43
43
43
43
43
43
43
43
43
43
43
43
43
43
43
43
43
43
43
43
43
43
43
43
43
43
43
43
43
43
43
43
43
43
43
43
43
43
43
43
43
43
43
43
43
43
43
43
43
43
43
43
43
43
43
43
43
43
43
43
43
43
43
43
43
43
43
43
43
43
43
43
43
43
43
43
43
43
43
43
43
43
43
43
43
43
43
43
43
43
43
43
43
43
43
43
43
43
43
43
43
43
43
43
43
43
43
43
43
43
43
43
43
43
43
43
43
43
43
43
43
43
43
43
43
43
43
43
43
43
43
43
43
43
43
43
43
43
43
43
43
43
43
43
43
43
43
43
43
43
43
43
43
43
43
43
43
43
43
43
43
43
43
43
43
43
43
43
43
43
43
43
43
43
43
43
43
43
43
43
43
43
43
43
43
43
43
43
43
43
43
43
43
43
43
43
43
43
43
43
43
43
43
43
9
9
9
9
9
9
9
9
9
9
9
9
9
9
9
9
9
9
9
9
9
9
9
9
9
9
9
9
9
9
9
9
9
9
9
9
9
9
9
9
9
9
9
9
9
9
9
9
9
9
9
9
9
9
9
9
9
9
9
9
9
9
9
9
9
9
9
9
9
9
9
9
9
9
9
9
9
9
9
9
9
9
9
9
9
9
9
9
9
9
9
9
9
9
9
9
9
9
9
9
9
9
9
9
9
9
9
9
9
9
9
9
9
9
9
9
9
9
9
9
9
9
9
9
9
9
9
9
9
9
9
9
9
9
9
9
9
9
9
9
9
9
9
9
9
9
9
9
9
9
9
9
9
9
9
9
9
9
9
9
9
9
9
9
9
9
9
9
9
9
9
9
9
9
9
9
9
9
9
9
9
9
9
9
9
9
9
9
9
9
9
9
9
9
9
9
9
9
9
9
9
9
9
9
9
9
9
9
9
9
9
9
9
9
9
9
11
11
5
5
1
1
0
0
0
0
0
0
22
22
19
19
20
20
23
23
2
2
0
0
5
5
0
0
1
1
0
0
204
204
204
204
204
204
204
204
204
204
204
204
21
21
24
24
41
41
0
0
0
34
34
0
0
2
2
4
4
1
1
2
2
0
0
0
0
0
0
0
0
0
0
0
0
0
0
0
0
2
2
4
4
1
1
0
0
0
0
0
0
2
2
2
2
4
4
1
1
2
2
